12006136
2830411
20532015
1606416
478542
5704447
688840
482297
1907899
113323
4191874
496468
4190254
1847816
146352
1168132
1589929
3150594
407841
123104
2118139
118191
1183621
4787986
578770
9576947
409578
1099302
1744445
1470578
495060
3469252
5676355
24968129
465094
14631255
777478
1288811
454248
10175977
2684979
7236560
460053
203687
3453328
10849535
6563991
344473
995169
1477776
1527906
227892
4057196
218495
2127744
352363
5847293
4574810
2960107
696536
10985254
4080303
3985813
318791
345724
2808253
382902
13829554
656987
905202
267528
252516
344845
1606923
799711
1960364
854399
10705310
1947727
3754159
2219798
7460394
4392674
8100284
3009953
310098
432416
932010
443385
1482518
878845
2237494
2913647
215738
296879
196967
4728206
1979714
1152606
543372
1659677
315506
347141
5756299
6790651
1080223
2615068
2730378
260108
645780
6699267
338843
8309805
3907747
1555735
760602
532398
2419792
3747632
1438879
8534064
1468030
3825290
169962
723702
3115715
261667
7606539
1573834
1604186
757934
9451533
11603927
181657
152992
723083
11080758
140556
208400
475630
4300510
2673862
265263
363390
5173748
133703
241256
3474305
190504
156305
370156
134264
240026
1259735
8208723
741696
9062501
5473290
3092518
10360368
1974433
14611667
5369218
557352
1031318
18357712
65957
2303125
1118774
4045098
1157065
1377267
3982173
1278372
5428745
5490531
15068876
415849
550998
2270383
2108757
190196
3337112
1027560
8822639
370348
33140496
537138
27701498
1133194
2084498
3286758
382832
1150632
697145
510626
9408082
305477
4350085
313883
613262
20715672
4362173
73663
15669877
442797
19689132
5697156
1225607
15587304
1820775
1797436
1043924
472132
178712
815281
15194138
3139811
195834
1226414
8752654
8848032
568263
334734
9110444
180563
4498401
271982
2253297
1806493
111624
132239
2599956
6821611
5021902
16363357
360339
1367904
257917
562359
317258
958250
2181183
654747
13313916
5726335
11603409
142575
401419
3277756
