1.128717852826337520e-01
-8.786025693909502721e-01
7.544993703392570694e-01
1.593738509299227335e-01
8.569827941429354334e-01
2.765178145561568712e-01
1.616036736974109100e-01
9.298183462803977228e-01
9.919610863887822205e-01
8.816572059572140851e-01
1.029915855922796553e+00
7.787664443968781575e-03
-6.772094280915048614e-01
4.887214401641104544e-01
-1.136473494734353551e-01
6.463822480696013173e-01
4.656894174174094347e-01
7.497799912090759022e-01
-6.528419016388546936e-01
-5.690773717803701004e-01
-2.316783387578560394e-01
-5.682710834083053442e-01
1.281419119112960914e-01
-8.325204969752011408e-01
-9.135833241342821154e-01
-9.108193393899508550e-01
-5.506163770331617968e-01
-5.867420294388754343e-01
-6.133110326866209050e-01
6.808697294483785356e-01
5.097513798250321582e-01
1.059286849160399280e+00
2.015630330423689998e-01
-9.476261440526556612e-02
3.748339122997528250e-01
9.206562367531390123e-01
1.002103904842961413e-01
7.495659541193022690e-01
-4.777620609739017254e-01
6.824872628437572697e-01
-5.201614280875972440e-01
-1.569012063319519257e-01
-2.180318199398261214e-01
-6.130301148408778822e-01
3.688637356456681005e-01
9.357476583852535335e-01
7.394897841500051028e-01
4.497553344918204798e-01
9.203059789570932070e-01
-7.320623763855564903e-01
8.690436292141696661e-01
6.779930309230387531e-01
-9.198633193483196635e-02
-8.598227030310271607e-03
3.110366279470065942e-01
2.677211110196371369e-01
4.473783888282054644e-01
-9.942566653103357410e-01
-5.183727207621355859e-01
1.024491887517980704e+00
1.037869635027287796e+00
-5.483813149397982478e-01
-8.969824662546859173e-01
-2.627921009867115743e-01
8.821609539008665735e-01
5.522054299028464897e-01
8.973083096932614744e-01
-5.584730907394868105e-01
5.350337836173206796e-01
6.607217891340959603e-01
-6.650366892134016439e-01
1.244561016157824662e-01
-8.909614677889283740e-01
9.358778323908860663e-01
7.063108031423119826e-01
5.430135285479216201e-01
2.853690108859747165e-01
-9.478587568490612902e-01
2.328278737470791393e-01
1.147216372604270007e-01
2.116375172029545393e-01
-7.167712665349625922e-01
-9.249301804977765329e-01
5.488539993018832774e-01
-1.932463936694635009e-01
-8.458850707346385889e-01
-2.586093840234351404e-01
7.563953826434932637e-01
9.123295701672624602e-01
-4.993063452187129769e-01
-7.953794783161587389e-01
-3.766062530223415195e-01
8.695184130837994019e-01
3.552748692153859245e-02
1.057574759859999602e+00
2.248451836603209131e-01
-8.763423434979156212e-02
-8.751001842058574454e-01
-9.845812143735054311e-01
6.841048570786871785e-01
-7.645767596785049136e-01
6.308163394192081719e-02
9.130504691903427172e-01
3.061040103096457354e-01
8.013395958833409161e-01
-9.791399262465314557e-01
-5.515919499019474870e-01
-2.704720596427598878e-01
7.546908664748652740e-01
-8.092745005811590175e-01
4.448485282657088646e-02
-8.880827438924008277e-01
4.949296084623613368e-01
6.769527155860253220e-01
-9.128144064474277286e-01
-8.964110229672357377e-01
4.041026092463653185e-01
1.149506285225534441e-01
4.039584051355404881e-03
5.127154094056081135e-01
-4.341715981878166986e-01
1.862092281686831274e-01
2.041879073352603768e-02
-3.285379467959863575e-01
3.055276777706854574e-01
-2.559600306314493423e-01
-4.197806381657134267e-01
5.987961187830277421e-01
-7.943543381170874440e-01
1.053776934988742031e+00
1.783133761898214598e-01
1.554559378537039849e-01
-3.283140269340307782e-01
2.052158582302752166e-01
4.491976060380586944e-02
1.462033375015383829e-01
-9.356877161656531605e-01
-8.247470137353811737e-01
9.102449628621966937e-01
1.026582861134449409e+00
-5.973163230586315819e-01
-9.747447408742795361e-01
7.157163812117075530e-01
8.576152467854507577e-01
-5.514188389485550346e-01
-7.207485272466946924e-01
2.680612294083632996e-01
-7.093745091027781058e-01
-7.591938601531866837e-01
4.082553006717386523e-01
-9.853975605032800900e-01
-7.739555654327201495e-01
4.831726780359995033e-01
5.290849021148300579e-01
9.313304355784146615e-01
-7.190956477013088488e-01
-6.269654025670448050e-01
4.851354575894325505e-01
4.659932890636184766e-01
2.730176336565032780e-01
9.538825963604224967e-02
-2.394386548586391328e-01
9.797815045340760864e-01
6.645270457861710001e-02
6.153249177641164636e-01
-9.317982510076152636e-01
-6.948467575928845008e-01
-3.008789422375599543e-01
9.425318768936225000e-01
-6.724345646839484658e-01
1.627475589283804425e-01
8.861893381958059202e-01
5.126162222082726316e-01
4.574917787587784446e-01
7.819842776825813857e-01
-7.106431986752816954e-01
-1.916562874380600690e-01
7.534745872533284983e-01
-1.344748840048790584e-01
-6.708886636249120627e-01
4.450276657862607677e-02
3.300845806270622518e-01
-6.354322552499489518e-01
7.562689265095796642e-01
2.546356265892981696e-01
-8.420310856727244442e-01
-9.555837796304018639e-01
4.196287920486181378e-01
-6.365406748797788339e-01
2.939017104531905789e-01
7.735346267762146510e-01
-9.718890132748647659e-01
3.302352775871497670e-02
8.225236740302221961e-01
6.862268197774199496e-01
3.015216248422256662e-01
1.364432649846201162e-01
-5.928198080721740482e-01
3.132801851378381741e-01
1.038496552847548049e+00
